t granulation: 0.434979s
t         knn: 0.000260982s
t  clustering: 0.0124396s
t       total: 0.44768s

Sparse Dataset - 100 entries, max attributes: 17
[49]    0)      5.08662     1.67791     5.23988     4.21077    0.877412     4.23244    0.251978  0.00498555     2.94292     46.0079     3.33891     5.39734     220.836     157.237       6.699     4.06206     1.89229
[47]    1)      5.65679     1.50483     6.43906      4.1202    0.574081      3.8561    0.165642  0.00417275     2.51467     42.8508     3.05688     4.56426      208.27      147.24     5.14129     3.88278      1.6612
[49]    2)         5.42     1.59607     5.86866     4.17349    0.720402     4.04478    0.211701  0.00451426     2.73472     44.6309     3.16417     4.98068     214.251      152.08     5.91124      4.0519     1.80202
[48]    3)      5.49713     1.57141     6.01642     4.16467    0.678659     4.01024    0.198479  0.00443562     2.67787     44.1201     3.13511     4.86723     212.403     150.722     5.69779     4.02877     1.76226
[49]    4)      4.62552     1.75414      4.6054     4.09602     1.22819     4.57853    0.345845  0.00572099     3.08174     46.8359     3.77223     5.92533     230.784     165.051     7.85108     3.84363      1.8786
[47]    5)      5.67445     1.48671     6.53791     4.10678    0.547797      3.8561    0.156842  0.00409896     2.47323     42.5068     3.04154     4.48864     207.007     146.405     5.00738     3.85147     1.63227
[49]    6)       4.8306     1.73572     4.77865      4.1966     1.03703     4.44016    0.288289  0.00537506     3.06906     46.7655      3.5468     5.72051     226.934     161.607     7.32366     4.08352     1.91728
[49]    7)      5.08662     1.67523     5.24748     4.21374    0.871577     4.23244    0.250068  0.00498555     2.93973     45.9387     3.33636     5.38597     220.836     157.087     6.67749     4.06206     1.88741
[49]    8)      5.09904     1.66855     5.31823     4.20704    0.857501     4.20036    0.247489  0.00490618     2.91897     45.8746     3.31284     5.34784     220.148     156.605     6.60507     4.14588     1.88519
[49]    9)      5.33591      1.6204     5.68555     4.18749     0.76382     4.04478    0.223595   0.0046525     2.79806     45.0623     3.20851     5.10266     215.458     153.552     6.14098     4.09338     1.83257
[49]   10)      4.94002     1.74857     4.94587     4.19896     0.95877     4.36204    0.280702  0.00521052     3.00963      46.932     3.38574     5.59946     224.959     160.582     7.12312     4.14842     1.94805
[49]   11)      5.33087     1.64492      5.6498     4.16051    0.774553     4.14185    0.218526  0.00468839     2.78262      45.399     3.21664     5.15303     216.826     153.793     6.19311     4.13352      1.8741
[48]   12)      5.54542     1.57125     5.98514     4.11603    0.674806     3.94809    0.181159  0.00440001     2.65465     44.1733     3.16683     4.88284     212.358     150.583     5.64872     4.01689     1.75873
[48]   13)      5.52115     1.57125     5.98514     4.12326    0.684102     4.00597    0.184646  0.00443396      2.6684     44.2817     3.17236     4.90935     212.808     150.583     5.70333     4.03013      1.7725
[49]   14)      5.46799     1.59256     5.87359      4.1349    0.711364     4.00597    0.195255  0.00450478     2.70064     44.6495     3.18131     4.98292     213.974     151.813     5.85002     4.06845     1.78814
[49]   15)      4.63402     1.74277     4.52753     4.20814      1.1289     4.48095    0.336606  0.00562842     3.14421     47.0672     3.62089     5.87531     230.813      164.92     7.83814     3.90667      2.0168
[35]   16)      5.72966     1.51735     6.38734     4.04795    0.578704     3.81414    0.142664   0.0041356     2.54246     42.8096     3.14767     4.61199     208.395     147.628     5.12434     3.83772     1.66264
[49]   17)      4.77455     1.77546     4.73266     4.20658     1.04709     4.43182     0.30944  0.00543479     3.09007     47.1886     3.49773     5.76259     228.289     162.784     7.51233     4.05515     2.02278
[49]   18)      5.01294      1.7327     5.00067     4.19214     0.92494     4.27974     0.27002  0.00510973     2.96969     46.7637      3.3443     5.52497     223.512     159.081      6.9594     4.16921     1.95799
[49]   19)      5.28362     1.64534     5.44598     4.16824    0.795346     4.16416    0.225808  0.00475235     2.81078     45.6161     3.23213      5.2084     217.785     154.637     6.30545     4.14762     1.89164
[49]   20)       4.5659     1.73929     4.38388     4.19147     1.16983     4.64635    0.346685  0.00581097     3.14264     46.5281     3.72497     5.88793     232.312     164.071     8.09235     3.74945      1.8806
[49]   21)      4.72055     1.73874     4.62536     4.20104     1.06308     4.52072    0.303424  0.00551675     3.10782     46.6978     3.59307      5.8295     229.024     162.517     7.59183     3.91773     1.91335
[47]   22)      5.75613     1.46368     6.65849       4.099    0.490795     3.78387    0.136999  0.00399613     2.37113     41.7408     2.99889     4.44435     205.886     144.088     4.68311     4.03202     1.58791
[49]   23)      5.14117     1.67458     5.31673      4.1933    0.842958     4.18759    0.245003   0.0050214     2.89274     46.1532     3.26832     5.38287      221.48     156.488     6.62218     4.21855     1.91021
[49]   24)      4.96882     1.71094     5.08725     4.18833    0.934625     4.31513     0.26869  0.00527913      2.9943     46.6697     3.38658     5.49402     222.512     159.303     6.80303      4.1345     1.93718
[49]   25)      5.07689     1.68636     5.27005     4.19005      0.8694     4.23902    0.250579   0.0050214     2.93157     46.2731     3.31108     5.48124      221.48     157.398      6.6749     4.19197     1.91596
[49]   26)       5.2147     1.65614     5.40391     4.17302    0.804211     4.13601    0.234566  0.00474402     2.84468     45.8328     3.22545     5.21071     217.138     155.208     6.25236     4.23504     1.88941
[49]   27)      4.77028     1.73543     4.77262     4.20773     1.03522     4.47886    0.294692  0.00537506     3.08919     46.7353     3.54979     5.84473     226.118     161.938      7.2485     3.96802     1.92215
[47]   28)      5.75274     1.43678     6.56368     4.10803    0.454428     3.79621    0.122491  0.00382015      2.3125     41.0853     2.99518     4.19836      203.34     142.853     4.42035     3.95795     1.54405
[49]   29)      5.43188     1.59608     5.84276     4.16443    0.693959     3.98727    0.203649  0.00456991     2.68911     44.6926     3.11737       5.002     214.507     151.348     5.88626     4.23278      1.8092
[49]   30)      5.10391     1.70512     5.26853      4.1973    0.872796     4.20346    0.250875  0.00499045     2.93207     46.0732     3.32879     5.47052     219.847     157.313     6.61123     3.96709     1.89856
[47]   31)       5.8771     1.43548     7.01747     4.11497    0.481562     3.79933    0.130491  0.00384229     2.32192     41.6415     3.02282     4.22524     203.604     142.977     4.45642     3.81093     1.53979
[49]   32)      4.60598     1.78831     4.60381     4.26277      1.0796     4.55259    0.315825  0.00566628     3.23314      46.897     3.61502     5.94639     231.493     164.544      7.7909     4.34014      2.0168
[49]   33)      4.74238     1.78402     4.73266     4.25502      1.0345     4.45019    0.303981  0.00550214     3.16567     47.1026     3.54028     5.86915     228.436     162.965     7.51162     4.21389     1.96555
[49]   34)      4.82058     1.77051     4.79113     4.22821     1.01997     4.39626    0.284241  0.00539751     3.13273     46.7407     3.52333     5.80995      226.48     161.875      7.3093     4.12554     1.96143
[47]   35)      5.92762     1.41218     7.01747     4.09068    0.415698     3.80659    0.130491  0.00376127     2.28383     41.6415     3.00191     4.12748     202.638     142.109     4.32263     3.78136     1.50178
[49]   36)      4.62818     1.78979     4.60381     4.27004     1.10727     4.53465    0.316105  0.00564247     3.21852     46.7944     3.62541     5.93605     231.031     164.335      7.7576     4.32529     1.94808
[49]   37)      5.23427     1.66499      5.5456     4.19031    0.790157     4.12067      0.2263  0.00479132     2.82534     45.5586     3.22474      5.2707     216.802     154.901     6.25854     3.93939     1.87739
[47]   38)      5.86718     1.43952     7.01747     4.11843    0.481562     3.80022    0.130491  0.00385688     2.32901     41.6239     3.02282     4.24236     203.778     143.145     4.48199     3.81516     1.53979
[47]   39)      5.74922     1.48281     6.60477     4.14476    0.534216       3.837    0.134733  0.00402223     2.41247     42.0765     3.09886     4.43233     205.944      145.15     4.79197     3.84771     1.58909
[48]   40)      5.45811     1.55665     6.00256     4.16568    0.684239     4.04478    0.181565  0.00450357     2.63677     44.2987     3.17809     4.81945     212.855     149.929     5.66113     4.02547     1.78036
[35]   41)      5.61551     1.50716      6.3541     4.13042    0.602914     3.95784     0.15309  0.00424128     2.51496     42.8706     3.10901     4.55759     208.778     147.194     5.19725     3.90554     1.63972
[47]   42)       5.4445     1.37341     7.45388     4.02499    0.401566       3.786    0.136621  0.00364972     2.23425     42.1425     3.09075      3.7456     204.914     141.519     3.96428     3.80347     1.51759
[49]   43)      4.84937     1.81951     4.87318     4.04619     1.04588      4.4812    0.315041  0.00515243     3.15862     47.1026     3.50039     5.98472     228.199     164.957     7.56933     4.03816     1.91349
[49]   44)      5.36804     1.58569     5.81568     4.18137    0.729203     4.04051    0.198986  0.00463983     2.70415     44.8302     3.17532     4.96096     214.507      151.48     5.91193     4.12646       1.796
[49]   45)      5.28497     1.61317     5.64823     4.19346    0.770131     4.12629    0.214129  0.00476024     2.76606     45.4863     3.22535     5.08984     217.107     152.927     6.13914     4.11977     1.80379
[49]   46)      4.81029     1.78991     4.76403      4.1762     1.01418     4.48911    0.307392  0.00533871     3.14267     47.1026     3.53938     5.89055     228.293       163.1     7.48396     4.09017     1.92507
[49]   47)      4.85886     1.75875     4.83794     4.21754    0.976131     4.44016    0.296407   0.0053227     3.09043     46.7951     3.48899     5.76023     226.675     161.181     7.28982     4.04104     1.92639
[49]   48)      4.87734     1.75174     4.87025     4.22012    0.966598     4.44016    0.296407  0.00530254     3.07541     46.7621      3.4409     5.72784     225.633     160.732      7.2362     4.09002     1.92895
[49]   49)      5.12444      1.6667     5.33563     4.21264    0.846849     4.25283    0.240599  0.00498431     2.88557     46.2852     3.33964     5.33505      221.48     155.776     6.56838     4.10967     1.91642
[49]   50)      4.78505     1.76704     4.70314     4.19378     1.04016     4.47589    0.299079  0.00542892     3.11396     47.0485     3.53003     5.76425     228.151     162.189     7.44368     4.00147     1.93843
[49]   51)      5.05671       1.688      5.1667     4.18833    0.901683     4.28352    0.249311  0.00504472     2.97425      46.503     3.36508     5.49052     222.243     158.269     6.75178     4.10527     1.92496
[49]   52)      5.36163     1.60072     5.77618     4.17704    0.744711     4.08285    0.198052  0.00465506     2.76343      44.915     3.22729     5.06211     214.926     152.371     5.89682     4.07816      1.8181
[47]   53)      5.71866     1.48933      6.5654     4.08481    0.529415     3.83161    0.131982   0.0039969     2.43762     42.0982     3.08917     4.43285     205.924     145.214     4.83346      3.8492      1.5826
[49]   54)      4.76704     1.75469     4.57842     4.20119     1.07939     4.54125    0.313658  0.00527128     3.14452      46.973     3.59037     5.81897     229.607     163.882     7.62947     3.94119     1.92344
[49]   55)      5.03861      1.7017     5.21404     4.18452    0.893064     4.26461    0.246679   0.0050081     2.95975     46.4665     3.35179     5.46658     221.781     158.269      6.6979     4.10992     1.92399
[47]   56)      5.71746     1.49305     6.53567     4.09377    0.540408     3.84149    0.135218  0.00400882     2.45374     42.2445     3.09449     4.46161     206.287      146.25     4.87228     3.86749     1.59676
[35]   57)      5.65679     1.51735     6.36887     4.12741    0.592631      3.8952    0.150965  0.00417275     2.53231     42.9514     3.12249     4.60782     208.239     147.628     5.09451     3.94312     1.66119
[49]   58)      4.68558     1.74406     4.41272     4.16507     1.25757     4.70723    0.394079  0.00527128     3.16184     46.6791     3.77704     5.93955     233.655      163.88     8.29332     3.68304     1.87677
[48]   59)      5.45719     1.57125     6.03524     4.16196     0.68232     4.00009    0.178888  0.00451447     2.66832     44.1572     3.17833      4.8739     212.041     150.583     5.55076     4.03928     1.76071
[47]   60)      5.66847     1.50962     6.58778      4.1151    0.557566     3.83024    0.141347  0.00401991     2.42865     42.2963     3.08298     4.49735      206.34     145.177     4.77348      3.8355     1.57215
[49]   61)      4.59034     1.76136     4.43924     4.20961     1.12552     4.51739    0.304765   0.0058226      3.1409      46.788     3.63837     5.90528     231.278     164.004     7.89846     4.18635      1.9047
[49]   62)      5.07012      1.7078     5.21388     4.20264    0.896569      4.2452    0.255316  0.00505185     2.96495      46.433     3.33875     5.48662      221.77     157.093     6.76505     4.14547     1.92902
[49]   63)      5.38294     1.63126     5.78742     4.18744     0.74718     4.01645    0.208432  0.00456511     2.75609     44.9261     3.18439     5.09741     214.623     152.653     5.91171     4.12646     1.81996
[49]   64)      4.77031     1.75245     4.73082     4.19219     1.04224     4.43182    0.298936  0.00551328     3.11557     47.0706     3.49155     5.77946     228.155     162.189     7.50494     4.09017     1.96686
[49]   65)      5.29391      1.6566     5.61563     4.18143    0.791708     4.14185    0.225562  0.00470399     2.79134     45.4438     3.21687     5.21903     216.709     153.103     6.16829     4.10265      1.8741
[49]   66)      4.65222     1.75958     4.54167     4.10614     1.09641     4.48095    0.314654  0.00571195     3.12512     46.9516     3.61502     5.86607     230.262      164.92     7.76614      3.9308      2.0168
[49]   67)      4.93454     1.73523     4.99202     4.21221    0.970853     4.36204    0.281361   0.0052489      3.0481     46.9495     3.44153     5.64307     225.025     160.582     7.13091     4.08365     1.94967
[35]   68)      5.62521     1.54005     6.38316     4.12601    0.602056     3.81414     0.15309  0.00414137     2.52065     42.9197     3.10901     4.65323     208.175     147.628     5.04635     3.90268     1.66264
[47]   69)      5.67205     1.49848     6.65895        4.12    0.541241     3.78363    0.141941  0.00398416     2.40303     42.0457     3.09216     4.43859     205.764     144.404     4.67452     3.82941     1.55264
[49]   70)      4.83505     1.74864     4.85842     4.21142    0.987648     4.42647    0.283891  0.00537358     3.08501     46.7211     3.47341     5.73619     226.185     161.284     7.24755     4.05786     1.96143
[49]   71)      5.00514     1.69063     5.16375     4.20391    0.910409     4.29835    0.254757  0.00509801     2.97647     46.3994     3.37192     5.40764     222.828     158.269     6.84014     4.10291     1.93341
[47]   72)       5.7347     1.49697     6.58997     4.10778    0.531992     3.96695    0.134733  0.00398432     2.43461     42.0856     3.11293     4.43459     205.971     144.404     4.81899     3.79131     1.55559
[49]   73)      5.08101     1.67588     5.30384     4.21238    0.876822     4.24461    0.249187  0.00497805      2.9033     46.1896     3.33196     5.37279     221.276     156.554     6.65682     4.10983     1.90883
[49]   74)      4.85158     1.74048       4.881     4.21142    0.973225     4.41813    0.283891  0.00535408     3.05338     46.6156     3.46355     5.73619     225.688     160.405     7.18867     4.06378     1.94967
[49]   75)      4.46917     1.73782     4.29967     4.17833     1.15748     4.74323    0.314933  0.00598189     3.11321     46.4252     3.73932     5.92566     232.003     162.842     8.08528     3.82392     1.90536
[00]   76)       5.5832     1.52521     6.24889     4.13877    0.623228     3.98609    0.181766  0.00423608     2.58534     43.3851     3.14958     4.62167       209.7     148.023     5.29707     3.93578     1.69331
[48]   77)      5.42481     1.57947     5.94095     4.17351     0.70513      4.0514    0.208988  0.00447288     2.69001     44.4411     3.19509     4.92036     213.398     150.835     5.74213      4.0294     1.78814
[49]   78)      5.07495     1.67588     5.29227     4.21238     0.87898     4.24927    0.249187  0.00498814      2.9033     46.1994     3.33517     5.37279     221.384     156.554     6.66998     4.10926     1.90883
[00]   79)      5.56841     1.52712     6.21934     4.13877    0.630356     3.99222    0.181766  0.00425912     2.58534     43.4783     3.15371     4.63099      210.03     148.125     5.33754     3.94529     1.69331
[13]   80)      5.54413     1.53377     6.23609     4.09952    0.640805     3.94775    0.180704  0.00424549     2.54465     43.2381     3.16013     4.65151     209.801     148.423     5.28335     3.93849     1.66264
[49]   81)      4.80517        1.77     4.82501     4.21412     1.00027     4.43386    0.269741   0.0053646     3.09741     46.7407     3.52333     5.78034     226.464     161.504      7.3091     4.19125     1.91759
[49]   82)      5.36721     1.59592     5.87509     4.16325    0.720323     4.04051    0.213308  0.00453916     2.71317     44.5738     3.18019     4.95992     213.854     151.881     5.84225     4.00909     1.80977
[49]   83)       4.9163     1.73942     4.94587     4.20374    0.942115     4.30187    0.267019  0.00518972     3.00775     46.7885     3.37331     5.64906     224.164     159.885     7.06437     4.15565     1.94805
[49]   84)      4.52245     1.79205     4.60381     4.24699     1.10727     4.52137    0.265025  0.00571045     3.19977      46.897     3.64116     5.96414     231.254     164.444     7.70764     4.30119     1.94808
[35]   85)      5.56917     1.52475     6.34735     4.09952    0.600074     3.94775    0.175585  0.00420432     2.52403     43.0152     3.11804     4.60663     209.219     147.937     5.20066      3.9272     1.66264
[49]   86)      5.13487      1.6713     5.33598     4.21114    0.860732     4.16416    0.246902  0.00490904     2.91698     45.9888     3.29886     5.33418     219.189     156.229     6.50361     4.08525     1.89857
[13]   87)      5.54245     1.53471     6.23609     4.09952    0.640805     3.94775     0.18104  0.00424549     2.54465     43.2381     3.16013     4.65591     209.834     148.471     5.29034      3.9391     1.66264
[49]   88)      5.37713      1.5926     5.87509     4.16325    0.715232     4.00597    0.211613  0.00453916     2.71317     44.5738     3.18019     4.94336     213.624     151.692     5.81233     4.00538     1.78814
[13]   89)       5.5298     1.53948     6.23609     4.13877    0.640805     3.94775    0.183553  0.00433293     2.58525     43.2381     3.16013     4.67947      210.12     148.729     5.33273     3.94449     1.66264
[48]   90)      5.49713     1.59958     5.93644     4.12473    0.745285     3.97924     0.18702  0.00443562      2.7291     44.2987     3.21909     4.92504     212.855     151.097     5.70477     4.02547     1.75321
[49]   91)      5.09694     1.67148     5.35408      4.1933    0.881738     4.16887    0.246195  0.00490618     2.93923     46.1807     3.31541     5.43043     220.616     156.295     6.53973     4.10145     1.90032
[47]   92)      5.75605     1.47343     6.84742     4.08975    0.391099     3.58446    0.139388  0.00392178     2.21708     42.1467     3.01165     4.33297     204.775     141.829     4.44405     3.83269     1.37339
[47]   93)      5.69888     1.49059     6.75111       4.102    0.499462     3.68227    0.134733  0.00399613     2.35899     41.9616     3.07437     4.45626     206.009     143.975     4.54135     3.91624      1.4874
[49]   94)      4.68693     1.76975     4.49902      4.2053     1.06739     4.47687    0.319901  0.00559172     3.14766     46.9972     3.53037     5.85345     230.227     164.747     7.68694     3.96767     2.08504
[49]   95)       4.7933     1.74221      4.7363     4.19977     1.02042     4.36938    0.303981  0.00544055     3.12062     47.1026     3.44689     5.76877     228.199     162.286     7.37905     4.03816     2.04486
[13]   96)      5.55659     1.53618     6.24004     4.11244    0.668832     3.86495    0.168136  0.00421027     2.60431     43.2243     3.17712      4.6398     209.778     148.451     5.25407     3.93779     1.66552
[49]   97)       5.0294      1.7098     5.15642     4.18833    0.926581     4.23197    0.255337  0.00508653     3.00354     46.4451     3.35339     5.48124      222.28     158.107     6.81025     4.10603      1.9471
[49]   98)      4.93029     1.72853     4.97533     4.19314     0.96678     4.29213    0.272581  0.00518972     3.05927     46.8817     3.38905     5.63053     224.716     159.834     7.05762     4.15776     1.98969
[49]   99)      4.68693     1.75836     4.47817      4.2053     1.07179     4.48711    0.319901  0.00559172     3.14595     46.9972     3.54246     5.85345     230.227     164.961     7.71031     3.96767     2.08678

ID, Items, Var0, Var1, Var2, Var3, Var4, Var5, Var6, Var7, Var8, Var9, Var10, Var11, Var12, Var13, Var14, Var15, Var16
0, 34, 1.61998, 0.121366, 2.0251, 0.892556, 0.0204718, 0.829193, 0.00172154, 9.40122e-07, 0.348281, 98.2896, 0.517568, 1.11524, 2294.95, 1142.48, 1.47327, 0.809104, 0.149406
13, 68, 1.60112, 0.122941, 2.02701, 0.881305, 0.0218758, 0.803651, 0.00165972, 9.45086e-07, 0.344122, 97.3996, 0.521763, 1.12992, 2295.35, 1149.36, 1.45827, 0.80887, 0.144167
35, 85, 1.65723, 0.120605, 2.11312, 0.878649, 0.018469, 0.787015, 0.00126019, 9.10113e-07, 0.332713, 95.9573, 0.507644, 1.10621, 2266.53, 1135.24, 1.3729, 0.793941, 0.143203
47, 272, 1.71118, 0.112361, 2.37128, 0.877046, 0.0131184, 0.75383, 0.000994866, 8.12203e-07, 0.294113, 91.9769, 0.486554, 0.986057, 2198.52, 1083.21, 1.12611, 0.775214, 0.125767
48, 119, 1.56821, 0.129168, 1.86715, 0.896192, 0.0250917, 0.836144, 0.0018611, 1.03499e-06, 0.372903, 102.042, 0.526243, 1.24373, 2356.81, 1182.1, 1.67694, 0.845386, 0.162882
49, 1122, 1.29233, 0.152167, 1.35352, 0.916142, 0.0471107, 0.97431, 0.00388859, 1.39448e-06, 0.466397, 111.728, 0.608059, 1.60721, 2607.32, 1318.97, 2.55223, 0.866966, 0.191513
